2743429.090866
2743428.990596
2743427.765292
2743402.886737
2743402.886734
2743402.886733
2743402.886737
2743402.886737
2743402.660750
2743402.431567
2743402.133814
2743401.766163
2743401.325998
2743400.809677
2743400.212598
2743399.529198
2743398.752894
2743397.876005
2743396.889644
2743395.783582
2743394.546092
2743393.163757
2743391.621252
2743389.901089
2743387.983319
2743385.845185
2743383.460723
2743380.800302
2743377.830081
2743374.511391
2743370.800010
2743366.645323
2743361.989348
2743356.765604
2743350.897789
2743344.298248
2743336.866179
2743328.485549
2743319.022655
2743308.323281
2743296.209362
2743282.475099
2743266.882389
2743249.155483
2743228.974712
2743205.969124
2743179.707834
2743149.689850
2743115.332104
2743075.955354
2743030.767572
2742978.844346
2742919.105759
2742850.289070
2742770.916436
2742679.256721
2742573.280316
2742450.605617
2742308.435612
2742143.482690
2741951.879439
2741729.072764
2741469.698151
2741167.430277
2740814.805465
2740403.010583
2739921.632008
2739358.357012
2738698.618561
2737925.172774
2737017.596388
2735951.689250
2734698.764251
2733224.804113
2731489.461069
2729444.871724
2727034.255420
2724190.260228
2720833.016718
2716867.856183
2712182.647808
2706644.709411
2700097.250491
2692355.316705
2683201.225089
2672379.514153
2659591.489269
2644489.530803
2626671.462594
2605675.467457
2580976.303707
2551983.944182
2518046.248214
2478457.902071
2432478.619739
2379364.437964
2318416.745917
2249054.213344
2170912.582535
2083975.670229
1988736.894010
1886382.984654
1778979.160890
1669617.645354
1562470.822682
1462672.263782
1375944.260341
1307915.228650
1263139.860742
1243952.832810
1249429.059876
1274828.228586
1311883.106834
1350088.538069
1378788.943243
1389493.066761
1377671.797520
1343449.547427
1291027.584518
1227157.835075
1159276.964781
1093905.797210
1035685.298718
987118.011067
948853.890628
920261.404740
900042.159059
886728.236757
878994.701920
875793.001100
876352.365129
880108.228048
886608.622798
895432.215507
906133.628945
918217.961999
931138.572617
944309.588585
957125.494652
968982.652107
979300.301971
987540.640202
993228.607376
995972.139818
995483.019465
991597.456105
984294.464784
973709.243377
960138.308172
944033.206536
925980.204834
906664.409145
886818.287227
867156.538148
848301.733416
830708.067744
814593.575327
799893.533261
786248.318520
773036.421427
759456.843295
744655.119418
727875.762843
708614.459049
686739.542276
662556.422298
636800.228888
610557.626361
585133.557857
561888.198156
542071.595312
526679.270706
516344.387620
511274.339152
511233.956254
515574.363551
523304.620932
533200.901753
543943.871926
554269.371091
563112.240613
569720.833066
573722.570316
575129.354833
574283.844503
571760.001110
568240.080662
564392.873704
560774.336215
557763.694653
555538.641582
554085.128052
553232.177966
552700.445526
552154.245913
551249.381292
549672.153307
547167.703658
543557.845066
538749.743790
532737.299048
525597.028311
517479.915387
508600.188228
499221.506973
489640.670517
480168.778955
471109.884905
462737.562540
455270.502535
448849.112740
443515.986374
439203.724385
435733.655850
432828.219626
430138.036432
427282.159116
423897.097540
419687.682631
414471.441382
408208.486598
401011.126661
393131.058940
384926.245592
376813.310096
369213.629098
362501.767546
356963.609725
352769.019926
349960.884974
348459.661903
348080.562353
348559.437753
349583.215448
350821.146932
351953.887873
352698.291457
352826.594955
352179.331578
350671.791985
348294.221344
345106.215667
341226.019645
336815.657510
332063.058181
327162.555420
322295.324833
317611.422763
313215.074227
309154.680823
305418.664002
301937.729720
298593.475591
295232.533304
291684.746021
287783.332188
283384.683309
278385.450177
272734.906437
266441.198770
259570.905855
252242.205168
244612.749796
236863.966479
229183.820210
221750.120944
214716.197457
208200.298061
202279.488979
196988.206653
192321.067204
188239.108801
184678.376250
181559.658579
178798.242978
176312.719136
174032.115373
171900.929062
169881.889618
167956.531131
166123.831592
164397.286055
162800.823471
161363.964932
160116.577982
159083.536401
158279.574344
157704.644375
157340.148816
157146.488976
157062.424134
157006.700912
156882.261845
156583.055136
156003.070995
155046.790755
153639.849547
151738.483660
149336.338035
146467.477422
143204.944963
139654.856800
135946.687462
132220.960441
128615.909609
125254.766661
122235.160465
119621.738850
117442.626217
115689.805443
114323.042507
113276.615403
112467.893053
111806.735283
111204.730993
110583.426697
109880.887274
109056.144491
108091.303641
106991.279470
105781.312080
104502.568946
103206.270406
101946.882633
100775.001719
99730.599497
98837.307467
98098.368699
97494.778797
96985.959565
96513.065511
96004.728541
95384.729987
94580.794733
93533.481220
92204.042997
90580.197713
88678.967398
86546.126131
84252.252516
81885.857499
79544.460271
77324.747113
75313.029955
73577.119717
72160.475694
71079.142542
70321.606692
69851.355202
69611.647033
69531.832841
69534.487433
69542.635514
69486.433733
69308.794959
68969.581926
68448.140003
67744.073143
66876.288954
65880.448510
64805.055615
63706.509866
62643.526353
61671.387135
60836.527098
60171.958737
59693.996498
59400.644664
59271.863631
59271.737083
59352.346768
59458.950420
59535.884279
59532.505366
59408.472059
59137.742420
58710.838606
58135.156909
57433.359706
56640.126849
55797.733742
54951.036367
54142.470175
53407.615628
52771.766201
52247.779739
51835.327744
51521.502314
51282.613527
51086.919822
50897.981975
50678.313865
50393.013560
50013.088164
49518.228350
48898.837697
48157.174819
47307.521309
46375.346291
45395.499768
44409.532793
43462.312033
42598.166597
41856.870106
41269.812135
40856.739547
40623.438721
40560.675302
40644.605052
40838.721622
41097.227974
41369.530236
41605.384877
41760.112565
41799.250385
41702.062299
41463.464229
41094.126483
40618.759913
40072.833237
39498.168147
38937.985881
38432.018054
38012.246650
37699.718802
37502.716968
37416.383614
37423.728824
37497.809673
37604.773816
37707.409532
37768.836681
37755.999492
37642.672534
37411.756126
37056.708735
36582.036109
36002.826759
35343.389360
34635.108907
33913.694227
33216.037880
32576.947600
32026.031820
31585.025463
31265.820972
31069.420423
30985.946944
30995.751770
31071.535754
31181.284546
31291.711180
31371.825450
31396.220155
31347.688328
31218.862783
31012.690681
30741.704123
30426.201038
30091.585681
29765.215188
29473.145168
29237.159267
29072.410257
28985.905710
28975.956346
29032.587159
29138.805835
29272.540961
29409.010240
29523.257571
29592.604560
29598.791565
29529.629038
29380.035290
29152.396048
28856.239815
28507.277668
28125.904422
27735.298273
27359.286523
27020.164346
26736.660042
26522.232380
26383.862138
26321.460710
26327.964822
26390.121250
26489.894389
26606.360020
26717.889282
26804.386479
26849.330229
26841.383797
26775.387380
26652.617799
26480.290477
26270.372470
26037.860481
25798.742247
25567.894676
25357.173856
25173.921589
25020.056336
24891.842374
24780.350105
24672.542915
24552.860333
24405.119263
24214.527770
23969.599796
23663.772575
23296.558713
22874.108217
22409.108632
21920.010169
21429.623520
20963.197340
20546.135885
20201.560745
19947.949239
19797.091339
19752.593332
19809.117609
19952.484623
20160.678982
20405.704157
20656.130197
20880.088987
21048.405229
21137.519869
21131.873472
21025.471226
20822.443412
20536.533529
20189.574322
19809.131729
19425.591435
19069.019859
18766.144881
18537.772227
18396.888185
18347.609742
18385.042962
18496.012619
18660.541918
18853.897939
19048.979988
19218.814468
19338.928636
19389.402591
19356.439126
19233.339996
19020.830402
18726.727644
18365.001927
17954.324774
17516.240925
17073.130551
16646.147594
16253.324671
15908.023411
15617.880519
15384.355097
15202.924538
15063.909673
14953.841616
14857.221070
14758.473909
14643.881678
14503.266765
14331.240285
14127.873185
13898.721055
13654.211072
13408.474983
13177.774916
12978.711350
12826.420256
12732.958478
12706.045789
12748.284251
12856.917753
13024.134437
13237.858919
13482.935158
13742.567949
13999.872974
14239.382115
14448.361189
14617.819376
14743.120913
14824.147599
14865.002378
14873.286969
14859.027156
14833.354664
14807.081384
14789.316810
14786.280343
14800.445058
14830.118350
14869.519723
14909.360678
14937.872420
14942.171208
14909.806524
14830.310548
14696.563430
14505.808945
14260.197025
13966.787751
13637.017328
13285.691152
12929.623378
12586.079580
12271.195311
11998.538032
11777.955522
11614.815353
11509.693350
11458.520378
11453.151768
11482.286303
11532.634560
11590.220419
11641.694717
11675.545024
11683.099046
11659.239317
11602.772041
11516.421540
11406.452205
11281.950613
11153.829732
11033.643080
10932.316982
10858.921588
10819.603753
10816.795742
10848.792277
10909.755325
10990.163564
11077.675610
11158.328163
11217.948450
11243.630685
11225.113693
11155.904047
11034.016128
10862.244248
10647.936832
10402.300987
10139.319748
9874.406581
9622.947265
9398.885496
9213.496062
9074.461192
8985.326646
8945.370024
8949.870288
8990.729360
9057.367206
9137.792903
9219.746038
9291.804685
9344.366399
9370.425358
9366.089681
9330.806401
9267.285723
9181.139788
9080.272979
8974.079745
8872.521004
8785.160432
8720.246266
8683.922013
8679.639961
8707.834808
8765.891665
8848.414803
8947.773150
9054.868913
9160.050268
9254.071349
9328.995465
9378.942388
9400.597503
9393.428125
9359.586815
9303.518843
9231.325856
9149.965895
9066.387406
8986.699927
8915.476437
8855.263552
8806.348846
8766.803273
8732.785070
8699.063240
8659.696619
8608.790483
8541.247364
8453.432101
8343.682035
8212.610234
8063.170810
7900.478785
7731.400637
7563.953689
7406.571197
7267.303780
7153.035467
7068.793186
7017.221516
6998.280200
7009.201042
7044.715166
7097.533434
7159.035197
7220.096591
7271.972415
7307.137778
7319.998529
7307.393253
7268.832801
7206.453336
7124.691882
7029.725142
6928.738905
6829.113306
6737.616574
6659.696101
6598.941722
6556.774137
6532.384562
6522.923391
6523.909094
6529.806562
6534.708601
6533.046283
6520.253597
6493.318749
6451.167371
6394.840363
6327.449314
6253.913783
6180.505281
6114.241065
6062.185374
6030.725220
6024.891450
6047.792960
6100.222653
6180.478453
6284.422565
6405.778948
6536.644741
6668.168765
6791.331712
6897.750506
6980.425328
7034.352645
7056.941102
7048.187911
7010.599068
6948.864385
6869.324554
6779.289259
6686.280111
6597.278415
6518.055005
6452.648289
6403.038887
6369.047176
6348.456233
6337.339876
6330.555826
6322.349411
6307.004533
6279.476453
6235.944852
6174.235017
6094.068712
5997.122927
5886.892853
5768.373575
5647.591610
5531.031329
5425.011212
5335.070003
5265.422520
5218.539017
5194.890836
5192.889492
5209.027543
5238.209415
5274.240733
5310.427869
5340.227240
5357.878023
5358.953219
5340.772522
5302.635345
5245.852027
5173.573332
5090.440208
5002.094877
4914.608271
4833.886250
4765.117117
4712.316014
4678.008973
4663.082420
4666.804962
4687.009595
4720.408021
4762.996251
4810.503131
4858.831437
4904.444490
4944.659408
4977.819993
5003.336523
5021.594972
5033.752734
5041.450398
5046.478194
5050.440350
5054.460330
5058.964598
5063.572764
5067.108688
5067.731948
5063.173818
5051.048411
5029.199815
4996.041030
4950.841117
4893.923079
4826.745739
4751.856910
4672.720476
4593.434788
4518.372073
4451.777084
4397.367126
4357.974747
4335.269129
4329.583574
4339.865445
4363.752935
4397.771133
4437.629247
4478.592144
4515.893309
4545.152971
4562.764845
4566.217388
4554.320598
4527.316805
4486.863207
4435.884502
4378.305217
4318.682438
4261.769639
4212.050376
4173.285595
4148.119629
4137.786821
4141.953102
4158.714951
4184.762847
4215.699063
4246.482192
4271.955306
4287.403209
4289.078592
4274.638106
4243.437731
4196.651550
4137.197415
4069.474779
3998.941214
3931.572319
3873.262486
3829.229923
3803.487862
3798.435585
3814.608928
3850.612372
3903.235744
3967.740127
4038.281760
4108.430752
4171.734297
4222.271942
4255.153198
4266.914705
4255.784441
4221.793076
4166.726373
4093.926456
4007.962749
3914.204437
3818.334606
3725.851070
3641.599823
3569.383880
3511.683058
3469.509613
3442.411284
3428.618578
3425.318464
3429.023550
3435.995921
3442.679271
3446.092491
3444.142778
3435.825894
3421.294503
3401.790755
3379.454738
3357.034064
3337.530234
3323.823282
3318.317100
3322.643922
3337.458389
3362.340711
3395.815938
3435.483912
3478.243314
3520.584396
3558.919275
3589.916286
3610.805866
3619.629369
3615.408571
3598.221709
3569.180849
3530.314548
3484.368304
3434.542557
3384.193457
3336.524792
3294.300109
3259.602095
3233.661741
3216.773147
3208.301476
3206.782343
3210.101707
3215.737038
3221.034169
3223.490432
3221.014072
3212.132601
3196.128488
3173.088781
3143.864979
3109.949575
3073.284990
3036.028034
3000.297641
2967.935034
2940.303513
2918.150041
2901.543432
2889.895060
2882.058692
2876.497262
2871.497160
2865.405448
2856.863016
2845.007010
2829.618941
2811.200365
2790.965323
2770.747213
2752.826631
2739.695192
2733.777531
2737.139012
2751.209410
2776.552705
2812.709895
2858.135601
2910.240635
2965.542287
3019.913032
3068.907551
3108.138918
3133.668349
3142.370113
3132.234450
3102.576728
3054.130025
2989.010026
2910.554164
2823.049891
2731.378327
2640.607966
2555.577814
2480.509717
2418.685870
2372.220140
2341.941800
2327.398751
2326.975594
2338.111190
2357.591556
2381.887954
2407.506992
2431.319851
2450.840854
2464.431329
2471.412297
2472.078314
2467.613972
2459.923454
2451.391327
2444.598844
2442.023967
2445.754639
2457.243527
2477.128422
2505.136164
2540.079787
2579.949321
2622.087268
2663.431049
2700.797808
2731.182425
2752.038236
2761.511763
2758.607774
2743.268524
2716.360340
2679.570674
2635.228218
2586.066601
2534.957657
2484.642723
2437.489722
2395.300088
2359.183406
2329.509845
2305.941885
2287.538470
2272.917488
2260.456938
2248.511932
2235.623881
2220.699830
2203.143719
2182.926807
2160.591136
2137.186963
2114.151951
2093.145869
2075.859095
2063.815841
2058.193513
2059.677914
2068.370155
2083.755673
2104.739056
2129.741282
2156.849154
2184.000957
2209.188406
2230.653079
2247.056222
2257.603762
2262.113404
2261.017125
2255.299517
2246.379390
2235.948069
2225.782244
2217.551562
2212.641234
2212.007865
2216.082720
2224.731305
2237.272073
2252.550906
2269.062376
2285.104320
2298.949181
2309.014311
2314.013898
2313.077409
2305.823061
2292.379603
2273.355032
2249.756369
2222.869698
2194.113818
2164.883730
2136.401295
2109.589784
2084.986518
2062.703704
2042.442214
2023.557044
2005.167159
1986.297090
1966.033648
1943.679024
1918.881580
1891.727904
1862.783982
1833.079063
1804.032343
1777.329169
1754.759248
1738.033720
1728.600355
1727.476465
1735.117237
1751.333554
1775.268286
1805.434210
1839.810702
1875.990826
1911.365777
1943.330439
1969.492019
1987.863662
1997.026392
1996.245551
1985.531830
1965.641691
1938.017026
1904.668995
1868.015653
1830.686900
1795.313143
1764.315593
1739.716127
1722.983134
1714.926724
1715.652361
1724.576702
1740.503664
1761.753004
1786.328611
1812.109802
1837.046655
1859.340112
1877.589293
1890.892085
1898.890203
1901.755971
1900.124376
1894.979804
1887.511511
1878.954906
1870.436738
1862.841249
1856.711460
1852.195409
1849.041841
1846.644273
1844.127072
1840.462766
1834.606721
1825.633755
1812.861381
1795.946086
1774.942130
1750.316419
1722.917739
1693.903443
1664.631195
1636.527078
1610.943970
1589.025236
1571.588424
1559.041690
1551.342391
1548.002879
1548.143524
1550.587817
1553.989770
1556.980108
1558.315494
1557.014502
1552.465374
1544.493570
1533.381571
1519.838614
1504.923653
1489.929961
1476.244031
1465.194165
1457.905163
1455.174706
1457.384526
1464.455579
1475.851638
1490.630583
1507.537680
1525.130867
1541.924902
1556.539443
1567.835866
1575.028901
1577.761731
1576.136928
1570.699972
1562.376837
1552.371723
1542.035022
1532.714739
1525.606411
1521.616977
1521.256935
1524.572509
1531.125713
1540.025436
1550.007440
1559.556033
1567.055630
1570.957041
1569.941443
1563.064914
1549.868182
1530.439651
1505.424576
1475.978825
1443.671451
1410.345669
1377.952124
1348.371198
1323.242116
1303.815818
1290.845999
1284.528731
1284.496141
1289.864175
1299.329227
1311.303691
1324.076905
1335.985673
1345.577826
1351.753120
1353.868013
1351.794386
1345.926617
1337.136341
1326.679132
1316.061974
1306.884180
1300.667091
1298.689170
1301.842851
1310.527589
1324.590307
1343.319897
1365.497199
1389.496320
1413.427959
1435.310973
1453.255430
1465.639048
1471.259462
1469.447210
1460.128306
1443.830516
1421.633202
1395.066377
1365.969672
1336.325747
1308.084930
1282.998245
1262.474648
1247.475301
1238.453577
1235.344644
1237.603412
1244.284970
1254.157765
1265.837005
1277.924412
1289.140459
1298.436581
1305.077379
1308.686183
1309.251258
1307.093903
1302.803503
1297.147706
1290.968204
1285.073749
1280.142025
1276.640777
1274.776324
1274.474500
1275.395421
1276.979779
1278.520880
1279.253831
1278.451448
1275.515782
1270.054730
1261.934959
1251.305127
1238.586746
1224.433751
1209.665315
1195.179435
1181.856908
1170.466315
1161.580450
1155.513312
1152.284509
1151.614922
1152.954168
1155.537002
1158.462825
1160.790057
1161.635596
1160.269100
1156.192265
1149.194808
1139.381145
1127.164662
1113.229783
1098.465264
1083.875194
1070.476570
1059.193894
1050.761795
1045.646081
1043.991995
1045.605731
1049.971958
1056.306224
1063.637391
1070.911816
1077.108455
1081.352593
1083.015811
1081.791045
1077.734102
1071.266561
1063.139091
1054.358495
1046.085756
1039.515477
1035.749145
1035.675318
1039.869118
1048.521420
1061.405029
1077.881453
1096.947775
1117.319219
1137.539585
1156.109108
1171.617696
1182.871106
1188.998310
1189.530119
1184.441776
1174.155585
1159.503265
1141.651425
1121.996948
1102.041866
1083.259272
1066.962697
1054.191167
1045.620731
1041.510790
1041.690259
1045.584713
1052.281633
1060.627058
1069.343811
1077.159264
1082.929717
1085.748883
1085.029770
1080.552152
1072.471540
1061.289702
1047.790806
1032.950770
1017.830030
1003.461328
990.744324
980.357654
972.696931
967.844140
965.570493
965.371310
966.528317
968.192191
969.476418
969.552780
967.738934
963.569638
956.845062
947.651950
936.356176
923.567934
910.083434
896.809090
884.675763
874.551462
867.160942
863.019851
862.389628
865.257239
871.341365
880.124004
890.903920
902.866155
915.160262
926.979077
937.629894
946.590848
953.547003
958.402953
961.271370
962.439636
962.319071
961.383149
960.102191
958.882232
958.015121
957.645416
957.757579
958.184515
958.635985
958.743117
958.113368
956.389150
953.302916
948.721920
942.677086
935.372197
927.171881
918.569281
910.136664
902.464211
896.093736
891.454795
888.810596
888.220229
889.522073
892.341044
896.119725
900.170776
903.745579
906.112101
906.633773
904.840822
900.486147
893.579299
884.394418
873.450687
861.466821
849.293923
837.833351
827.947954
820.375742
815.654911
814.067981
815.610913
819.990513
826.650610
834.824604
843.609352
852.053236
859.249850
864.428134
867.030116
866.768518
863.658378
858.019276
850.447523
841.760555
832.918465
824.929895
818.751146
815.188180
814.811136
817.889918
824.357586
833.805665
845.512434
858.502038
871.629152
883.681308
893.489134
900.033819
902.541345
900.554230
893.973808
883.068988
868.450818
851.015618
831.862545
812.193942
793.208393
775.996955
761.452476
750.200407
742.557145
738.519099
737.782520
739.791156
743.806115
748.990329
754.498772
759.565307
763.577562
766.132665
767.068706
766.469323
764.641536
762.069655
759.350474
757.116813
755.957659
756.343434
758.564420
762.688966
768.546059
775.734263
783.656249
791.575384
798.688504
804.207177
807.438897
807.859574
805.169660
799.328007
790.559931
779.338765
766.342958
752.393353
738.377281
725.167353
713.543231
704.124145
697.318639
693.296066
691.982038
693.077505
696.098811
700.434000
705.409202
710.358082
714.687264
717.931252
719.791600
720.156833
719.101658
716.866155
713.817696
710.400100
707.075802
704.267505
702.305783
701.388459
701.556246
702.687401
704.512016
706.644387
708.629850
710.000829
710.335677
709.313560
706.758930
702.670245
697.229312
690.789713
683.845161
676.980821
670.812594
665.920748
662.784928
661.727578
662.871915
666.119189
671.147960
677.435908
684.302411
690.968024
696.625288
700.514141
701.994699
700.610359
696.135042
688.599838
678.296213
665.755132
651.703713
637.003194
622.573809
609.313514
598.018213
589.311095
583.587954
580.983906
581.364898
584.345008
589.327941
595.568734
602.249511
608.561729
613.786572
617.365335
618.952665
618.447288
615.997219
611.979135
606.954266
601.605603
596.663093
592.824643
590.681073
590.652608
592.943186
597.516925
604.098800
612.199097
621.158908
630.211898
638.556134
645.428902
650.177322
652.318105
651.580947
647.931714
641.573501
632.925793
622.583960
611.263175
599.732234
588.743676
578.966876
570.930453
564.979370
561.250655
559.669785
559.967722
561.716524
564.379598
567.371173
570.118745
572.121940
573.001771
572.535345
570.672710
567.534530
563.391346
558.627187
553.691921
549.047854
545.116609
542.232090
540.604569
540.299540
541.233317
543.185455
545.826257
548.756037
551.551619
553.814869
555.217967
555.540530
554.694703
552.735583
549.856011
546.366330
542.661341
539.177987
536.348252
534.552253
534.076494
535.081701
537.583679
541.449264
546.407889
552.077621
558.002986
563.700652
568.708166
572.630583
575.180028
576.203965
575.699134
573.809656
570.809489
567.071142
563.024002
559.106780
555.719214
553.178242
551.683403
551.295189
551.928748
553.363642
555.268689
557.239315
558.843482
559.671369
559.383530
557.752371
554.692443
550.276122
544.732729
538.430804
531.844962
525.510363
519.969157
515.714168
513.135481
512.475444
513.796865
516.967985
521.666165
527.400438
533.551122
539.422977
544.306967
547.544706
548.589375
547.057144
542.764054
535.744743
526.251209
514.731789
501.792500
488.144621
474.543703
461.725955
450.348111
440.936386
433.849109
429.256140
427.136440
427.293332
429.385255
432.968382
437.546401
442.622234
447.746453
452.557668
456.811120
460.393064
463.319996
465.723421
467.822290
469.886492
472.195646
474.997858
478.473014
482.704679
487.663642
493.204904
499.078416
504.952376
510.446530
515.171830
518.772110
520.963231
521.565408
520.525187
517.924645
513.976772
509.007481
503.426094
497.687372
492.249028
487.529088
483.867436
481.495416
480.516455
480.899506
482.485787
485.007903
488.119199
491.430181
494.548191
497.116199
498.846799
499.547968
499.138098
497.648932
495.216292
492.059821
488.454070
484.694212
481.060242
477.783662
475.020443
472.833327
471.185570
469.946910
468.911217
467.823901
466.416044
464.441351
461.711657
458.126758
453.694928
448.541431
442.903658
437.112980
431.564924
426.680567
422.863114
420.454205
419.694612
420.693618
423.410515
427.650465
433.075506
439.229981
445.578180
451.550760
456.595592
460.228200
462.076924
461.918430
459.699997
455.546306
449.749835
442.745580
435.072259
427.323541
420.093803
413.923532
409.249597
406.365214
405.393559
406.277714
408.788032
412.546319
417.064538
421.794260
426.181975
429.724757
432.020694
432.809019
431.995922
429.663475
426.060837
421.578704
416.709685
411.998659
407.988156
405.164238
403.908210
404.458860
406.888763
411.096777
416.817221
423.644597
431.071265
438.534266
445.466743
451.349008
455.754501
458.386393
459.101596
457.920115
455.019141
450.712660
445.418732
439.617731
433.805607
428.446722
423.930756
420.537769
418.414679
417.565274
417.854501
419.026385
420.733543
422.575115
424.139116
425.044792
424.980650
423.734316
421.211329
417.441161
412.570200
406.842765
400.572541
394.107752
387.794014
381.938949
376.782346
372.474956
369.067983
366.514132
364.679784
363.366668
362.340425
361.362730
360.223357
358.768601
356.922920
354.701444
352.211954
349.646108
347.260799
345.351601
344.221082
344.145320
345.342156
347.944567
351.982017
357.371837
363.921648
371.342702
379.272856
387.306907
395.031200
402.058998
408.062996
412.801663
416.136777
418.040416
418.590866
417.958016
416.379995
414.133693
411.502448
408.744462
406.065373
403.597929
401.390910
399.408409
397.539430
395.616663
393.442253
390.817661
387.574212
383.600874
378.866054
373.430806
367.451731
361.172927
354.907487
349.010157
343.843768
339.742734
336.977371
335.722760
336.035594
337.841672
340.935760
344.994283
349.600060
354.277023
358.531806
361.898324
363.981041
364.492686
363.282630
360.353016
355.860879
350.105901
343.504808
336.554784
329.789320
323.730673
318.843439
315.493586
313.916774
314.198829
316.270063
319.913801
324.788091
330.458389
336.437965
342.232158
347.382279
351.505087
354.324273
355.691175
355.593034
354.148307
351.589759
348.237251
344.463034
340.653086
337.168313
334.309422
332.288840
331.212322
331.071902
331.750680
333.038743
334.658426
336.296143
337.637457
338.401695
338.372557
337.421618
335.522397
332.753683
329.291938
325.393733
321.370190
317.556167
314.277438
311.819221
310.399206
310.147685
311.096595
313.178316
316.234057
320.030695
324.284103
328.686401
332.934279
336.755497
339.930983
342.310467
343.820355
344.463391
344.310529
343.486259
342.149285
340.470902
338.613600
336.712320
334.860445
333.101997
331.430798
329.796501
328.116627
326.293003
324.230531
321.855891
319.133833
316.078953
312.761378
309.305500
305.881667
302.691603
299.949018
297.857467
296.587874
296.258177
296.917413
298.536096
301.004096
304.136488
307.686979
311.367767
314.873990
317.910440
320.217949
321.596867
321.925283
321.170137
319.390066
316.729585
313.405098
309.684029
305.859046
302.219911
299.025716
296.480297
294.713321
293.769015
293.603726
294.092629
295.044948
296.226143
297.384784
298.281278
298.715418
298.549762
297.726318
296.274636
294.310363
292.024298
289.662995
287.502903
285.820695
284.862884
284.817908
285.793620
287.802578
290.756729
294.472133
298.683344
303.066116
307.266249
310.931804
313.745567
315.454634
315.894255
315.003641
312.832200
309.535590
305.361943
300.629546
295.698095
290.936224
286.688394
283.244263
280.813437
279.507976
279.334268
280.194987
281.900841
284.190884
286.759284
289.285864
291.467323
293.046043
293.833638
293.726998
292.715340
290.877757
288.371726
285.413948
282.255694
279.155310
276.350823
274.035468
272.338628
271.314032
270.936277
271.105851
271.661925
272.401442
273.102347
273.548479
273.553469
272.981184
271.760612
269.893705
267.455453
264.586236
261.477328
258.351102
255.438033
252.952913
251.072756
249.918694
249.543748
249.927726
250.979774
252.548275
254.437046
256.426081
258.294639
259.844196
260.918819
261.420788
261.319812
260.654867
259.528519
258.094366
256.539025
255.060643
253.846327
253.050959
252.779740
253.076392
253.918318
255.219286
256.839368
258.601100
260.310126
261.778108
262.845422
263.401121
263.397957
262.860668
261.886487
260.637575
259.325934
258.192180
257.480182
257.410106
258.152603
259.806859
262.384903
265.803991
269.888134
274.378899
278.954726
283.257071
286.920999
289.607334
291.033267
290.998437
289.403896
286.262078
281.696762
275.932998
269.277989
262.094771
254.771278
247.687778
241.185791
235.541437
230.945639
227.492912
225.179586
223.911355
223.519136
223.781434
224.450789
225.281571
226.056262
226.607647
226.834734
226.710931
226.283804
225.666587
225.022468
224.543381
224.425599
224.844731
225.932770
227.759651
230.321292
233.535431
237.245791
241.234213
245.239586
248.981697
252.187585
254.617731
256.089383
256.494654
255.811502
254.106475
251.528921
248.297253
244.678642
240.964194
237.442098
234.371400
231.958976
230.341924
229.576996
229.637985
230.421158
231.758036
233.434083
235.211346
236.852716
238.145365
238.921082
239.071550
238.557190
237.408839
235.722284
233.646376
231.366084
229.082348
226.990852
225.261939
224.023717
223.350042
223.254545
223.691176
224.561108
225.725112
227.019970
228.277093
229.341264
230.087468
230.433994
230.350421
229.859681
229.034049
227.985573
226.852088
225.780389
224.908497
224.348971
224.175170
224.411948
225.031865
225.957314
227.068377
228.215571
229.236114
229.971988
230.287813
230.086615
229.321736
228.003528
226.200037
224.031470
221.658936
219.268523
217.052328
215.188384
213.821594
213.047732
212.902272
213.355357
214.313576
215.628535
217.111462
218.552452
219.742409
220.495450
220.669403
220.182213
219.022463
217.252779
215.005639
212.471876
209.882924
207.488503
205.531940
204.225540
203.728465
204.129324
205.435203
207.568264
210.370287
213.614769
217.025482
220.299784
223.134539
225.252267
226.425157
226.494762
225.385646
223.111763
219.775090
215.556676
210.701009
205.495166
200.244707
195.248500
190.774811
187.040755
184.196960
182.318692
181.404128
181.379716
182.111919
183.423991
185.116001
186.985998
188.850175
190.560002
192.014703
193.167923
194.028116
194.652823
195.137673
195.601474
196.169154
196.954497
198.044591
199.487684
201.285727
203.392355
205.716457
208.130853
210.485102
212.620984
214.388980
215.663957
216.358396
216.431774
215.895117
214.810275
213.284016
211.457566
209.492716
207.555916
205.802034
204.359421
203.317819
202.720311
202.560114
202.782463
203.291345
203.960304
204.646134
205.203971
205.502197
205.435554
204.935143
203.974301
202.569805
200.778416
198.689234
196.412830
194.068440
191.770728
189.617611
187.680549
185.998354
184.575199
183.382998
182.367815
181.459533
180.583583
179.673327
178.681588
177.589884
176.414201
175.206468
174.051404
173.058916
172.352728
172.056381
172.278069
173.095978
174.545775
176.611768
179.222875
182.254121
185.533769
188.855639
191.995592
194.730675
196.859106
198.219127
198.704803
198.277115
196.969112
194.884465
192.189419
189.098798
185.857305
182.717873
179.919098
177.663931
176.101671
175.315003
175.313336
176.033100
177.344959
179.067262
180.984420
182.868449
184.501583
185.697786
186.321081
186.298916
185.629277
184.380840
182.686138
180.728382
178.723202
176.897073
175.464499
174.606206
174.450466
175.059410
176.421700
178.452315
180.999517
183.858349
186.789367
189.540810
191.872031
193.575931
194.498206
194.551561
193.723542
192.077294
189.745225
186.916306
183.818289
180.696666
177.792425
175.320756
173.452719
172.301520
171.914581
172.271946
173.290978
174.836648
176.736217
178.796722
180.823464
182.637637
184.091434
185.079239
185.543984
185.478250
184.920262
183.945424
182.654496
181.159829
179.571217
177.982963
176.463529
175.048894
173.740249
172.506215
171.289249
170.015420
168.606399
166.992226
165.123360
162.980571
160.581499
157.983049
155.279270
152.594840
150.074794
147.871537
146.130468
144.975740
144.497653
144.743011
145.709498
147.344678
149.549778
152.187892
155.095817
158.098330
161.023486
163.717409
166.057088
167.959917
169.389027
170.353919
170.906366
171.132059
171.138903
171.043240
170.955471
170.966647
171.137477
171.490977
172.009578
172.637044
173.285035
173.843622
174.194637
174.226399
173.848184
173.002811
171.675896
169.900670
167.757701
165.369443
162.890040
160.491390
158.346830
156.614115
155.419443
154.844205
154.915846
155.603866
156.821419
158.432467
160.263831
162.121040
163.806463
165.137986
165.966433
166.190042
165.764568
164.708010
163.099462
161.072147
158.801251
156.487671
154.339194
152.550878
151.286499
150.662825
150.738249
151.506865
152.898577
154.785248
156.992295
159.314624
161.535345
163.445481
164.862735
165.647528
165.714776
165.040317
163.661441
161.671566
159.209707
156.445866
153.563887
150.743534
148.143597
145.887698
144.054138
142.670724
141.714967
141.119494
140.782024
140.578762
140.379800
140.064899
139.538034
138.739234
137.652531
136.309246
134.786303
133.199755
131.694191
130.429071
129.563346
129.239877
129.571164
130.627771
132.430556
134.947425
138.094900
141.744283
145.731796
149.871643
153.970713
157.843475
161.325646
164.285353
166.630817
168.313956
169.329744
169.711623
169.523642
168.850351
167.785648
166.421870
164.840325
163.104257
161.254937
159.311173
157.272141
155.123050
152.842828
150.412793
147.825162
145.090279
142.241597
139.337695
136.460962
133.712961
131.206866
129.057723
127.371529
126.234319
125.702457
125.795257
126.490824
127.725701
129.398516
131.377401
133.510564
135.639030
137.610344
139.291888
140.582471
141.421028
141.791512
141.723486
141.288291
140.591187
139.760222
138.932942
138.242283
137.803045
137.700323
137.981029
138.649354
139.666595
140.955338
142.407545
143.895693
145.285818
146.451123
147.284765
147.710513
147.690216
147.227318
146.366076
145.186587
143.796128
142.317729
140.877136
139.589542
138.547444
137.810909
137.401280
137.298982
137.445715
137.750814
138.101176
138.373733
138.449211
138.225750
137.630973
136.631245
135.237112
133.504344
131.530396
129.446604
127.406849
125.573780
124.103927
123.133167
122.763925
123.055368
124.017509
125.609759
127.744053
130.292189
133.096652
135.983853
138.778505
141.317761
143.463804
145.113735
146.205919
146.722283
146.686497
146.158359
145.225073
143.990427
142.563038
141.044908
139.521479
138.054182
136.676192
135.391747
134.178994
132.995938
131.788761
130.501494
129.085910
127.510492
125.767429
123.876830
121.887659
119.875252
117.935657
116.177389
114.711475
113.640845
113.050181
112.997327
113.507129
114.568382
116.134177
118.125625
120.438540
122.952411
125.540713
128.081506
130.467238
132.612778
134.460876
135.984546
137.186197
138.093673
138.753698
139.223524
139.561720
139.819210
140.031558
140.213448
140.355989
140.427231
140.375871
140.137787
139.644699
138.834003
137.658660
136.095979
134.154236
131.876253
129.339402
126.651836
123.945185
121.364312
119.055076
117.151284
115.762107
114.961253
114.779029
115.198152
116.153839
117.538258
119.209044
121.001144
122.740951
124.261446
125.416946
126.096097
126.231881
125.807688
124.858859
123.469503
121.764886
119.900027
118.045564
116.372182
115.035027
114.159580
113.830282
114.082989
114.901947
116.221554
117.932729
119.893232
121.940949
123.908809
125.639914
127.001391
127.895670
128.268122
128.110386
127.459146
126.390587
125.011189
123.445851
121.824631
120.269464
118.882209
117.735202
116.865237
116.271484
115.917475
115.736868
115.642297
115.536341
115.323431
114.921446
114.271798
113.346967
112.154742
110.738726
109.175087
107.565880
106.029623
104.690078
103.664365
103.051588
102.923109
103.315421
104.226327
105.614763
107.404290
109.489838
111.747046
114.043212
116.248775
118.248165
119.948984
121.288634
122.237815
122.800633
123.011424
122.928761
122.627345
122.188750
121.692032
121.205231
120.778654
120.440621
120.196038
120.027880
119.901307
119.769869
119.583018
119.294017
118.867308
118.284457
117.547974
116.682528
115.733400
114.762294
113.840947
113.043221
112.436543
112.073644
111.985530
112.176524
112.621974
113.268980
114.040169
114.840199
115.564404
116.108727
116.379949
116.305144
115.839384
114.970848
113.722760
112.151900
110.343783
108.404941
106.453056
104.605910
102.970271
101.631818
100.647147
100.038666
99.792914
99.862491
100.171418
100.623407
101.112206
101.532989
101.793640
101.824788
101.587556
101.078221
100.329283
99.406783
98.404097
97.432791
96.611391
96.053194
95.854300
96.083083
96.772166
97.913751
99.458810
101.320304
103.380148
105.499330
107.530202
109.329809
110.772945
111.763691
112.244297
112.200556
111.663132
110.704719
109.433317
107.982269
106.498032
105.126863
104.001688
103.230396
102.886632
103.003926
103.573631
104.546796
105.839690
107.342383
108.929476
110.471918
111.848752
112.957682
113.723491
114.103571
114.090141
113.709049
113.015388
112.086474
111.012969
109.889089
108.802914
107.827760
107.015457
106.392156
105.957009
105.683761
105.525019
105.418640
105.295546
105.088054
104.737867
104.202848
103.461897
102.517453
101.395386
100.142354
98.820949
97.503191
96.263091
95.169089
94.277177
93.625416
93.230402
93.086028
93.164605
93.420206
93.793808
94.219660
94.632178
94.972608
95.194767
95.269253
95.185709
94.952944
94.596949
94.157067
93.680805
93.217885
92.814247
92.506689
92.318771
92.258440
92.317670
92.474124
92.694659
92.940242
93.171686
93.355513
93.469215
93.505254
93.473264
93.400134
93.327868
93.309394
93.402735
93.664132
94.140876
94.864641
95.846086
97.071381
98.501116
100.071821
101.700038
103.288641
104.734834
105.939094
106.814183
107.293355
107.336929
106.936538
106.116599
104.932791
103.467643
101.823588
100.114121
98.453874
96.948551
95.685676
94.727065
94.103736
93.813788
93.823443
94.071171
94.474489
94.938772
95.367194
95.670814
95.777790
95.640800
95.241918
94.594454
93.741572
92.751830
91.712095
90.718546
89.866684
89.241362
88.907836
88.904743
89.239721
89.888104
90.794831
91.879386
93.043288
94.179384
95.182050
95.957307
96.431841
96.560088
96.328657
95.757698
94.899049
93.831367
92.652689
91.471153
90.394765
89.521185
88.928532
88.668064
88.759438
89.188991
89.911181
90.853042
91.921173
93.010576
94.014472
94.834112
95.387653
95.617249
95.493701
95.018277
94.221594
93.159758
91.908217
90.554038
89.187399
87.893205
86.743665
85.792533
85.071555
84.589371
84.332894
84.270907
84.359376
84.547856
84.786209
85.030890
85.250097
85.427233
85.562319
85.671250
85.782994
85.935097
86.168035
86.519061
87.016289
87.673693
88.487639
89.435364
90.475641
91.551588
92.595383
93.534395
94.298097
94.825036
95.069098
95.004379
94.628129
93.961399
93.047315
91.947094
90.734225
89.487389
88.282857
87.187162
86.250815
85.503747
84.952955
84.582626
84.356735
84.223864
84.123745
83.994840
83.782156
83.444459
82.960099
82.330781
81.582844
80.765831
79.948424
79.212104
78.643113
78.323509
78.322190
78.686829
79.437550
80.563048
82.019620
83.733293
85.604931
87.517909
89.347657
90.972220
92.282815
93.193392
93.648268
93.627090
93.146624
92.259202
91.047943
89.619215
88.093043
86.592383
85.232273
84.109893
83.296445
82.831598
82.720982
82.936904
83.422160
84.096510
84.865139
85.628251
86.290834
86.771659
87.010653
86.973971
86.656312
86.080337
85.293301
84.361314
83.361841
82.375263
81.476361
80.726591
80.167955
79.819052
79.673697
79.702222
79.855290
80.069784
80.276155
80.406419
80.401975
80.220410
79.840573
79.265404
78.522200
77.660318
76.746534
75.858549
75.077301
74.478883
74.126869
74.065828
74.316676
74.874298
75.707684
76.762514
77.965937
79.233030
80.474292
81.603430
82.544664
83.238869
83.647982
83.757286
83.575421
83.132200
82.474503
81.660761
80.754620
79.818488
78.907634
78.065445
77.320304
76.684379
76.154368
75.714060
75.338355
74.998232
74.666048
74.320537
73.950884
73.559395
73.162423
72.789406
72.480117
72.280393
72.236819
72.390950
72.773718
73.400673
74.268600
75.353959
76.613356
77.986084
79.398534
80.770074
82.019857
83.073886
83.871638
84.371594
84.555090
84.428095
84.020705
83.384352
82.587001
81.706747
80.824438
80.016032
79.345434
78.858520
78.578940
78.506131
78.615746
78.862457
79.184865
79.512035
79.770979
79.894355
79.827582
79.534653
79.002052
78.240360
77.283404
76.185009
75.013707
73.845921
72.758336
71.820219
71.086480
70.592168
70.348956
70.343973
70.541091
70.884541
71.304482
71.723984
72.066721
72.264614
72.264686
72.034454
71.565333
70.873749
69.999837
69.003884
67.960852
66.953529
66.064968
65.370934
64.933095
64.793566
64.971333
65.460848
66.232900
67.237622
68.409300
69.672485
70.948771
72.163567
73.252215
74.164860
74.869665
75.354108
75.624328
75.702677
75.623829
75.429924
75.165324
74.871561
74.583031
74.323880
74.106367
73.930838
73.787237
73.657922
73.521393
73.356457
73.146314
72.882033
72.565009
72.208068
71.835063
71.478985
71.178759
70.975077
70.905704
71.000799
71.278758
71.743077
72.380621
73.161523
74.040797
74.961553
75.859505
76.668382
77.325672
77.778149
77.986612
77.929345
77.603955
77.027366
76.233998
75.272283
74.199902
73.078218
71.966490
70.916461
69.967883
69.145439
68.457360
67.895890
67.439501
67.056623
66.710466
66.364374
65.987143
65.557671
65.068420
64.527276
63.957560
63.396144
62.889829
62.490334
62.248417
62.207726
62.399056
62.835657
63.510121
64.393278
65.435264
66.568776
67.714247
68.786489
69.702201
70.387610
70.785506
70.860943
70.605047
70.036489
69.200455
68.165160
67.016202
65.849280
64.761929
63.845064
63.175116
62.807497
62.772013
63.070630
63.677796
64.543267
65.597140
66.756597
67.933699
69.043482
70.011570
70.780601
71.314857
71.602679
71.656480
71.510379
71.215733
70.835032
70.434791
70.078158
69.817981
69.691044
69.714034
69.881646
70.167017
70.524436
70.894048
71.208091
71.398016
71.401789
71.170626
70.674496
69.905838
68.881117
67.640081
66.242781
64.764661
63.290202
61.905747
60.692181
59.718193
59.034720
58.671083
58.633139
58.903568
59.444200
60.200097
61.104944
62.087186
63.076284
64.008511
64.831718
65.508685
66.018783
66.357887
66.536650
66.577404
66.510117
66.367891
66.182528
65.980674
65.780950
65.592371
65.414195
65.237153
65.045893
64.822279
64.549123
64.213855
63.811666
63.347680
62.837879
62.308583
61.794523
61.335659
60.973076
60.744400
60.679239
60.795176
61.094790
61.564083
62.172563
62.875028
63.614962
64.329247
64.953766
65.429350
65.707504
65.755314
65.559045
65.126018
64.484557
63.681951
62.780593
61.852621
60.973570
60.215600
59.640983
59.296440
59.208918
59.383199
59.801598
60.425784
61.200552
62.059180
62.929834
63.742405
64.435069
64.959949
65.287281
65.407705
65.332434
65.091316
64.728992
64.299567
63.860344
63.465282
63.158862
62.970995
62.913509
62.978582
63.139295
63.352258
63.562059
63.707093
63.726192
63.565399
63.184193
62.560552
61.694318
60.608512
59.348442
57.978647
56.577943
55.233019
54.031162
53.052795
52.364528
52.013361
52.022604
52.389881
53.087423
54.064603
55.252479
56.569907
57.930636
59.250712
60.455497
61.485633
62.301419
62.885218
63.241691
63.395912
63.389582
63.275776
63.112765
62.957567
62.859855
62.856824
62.969510
63.200876
63.535805
63.942965
64.378291
64.789693
65.122492
65.325018
65.353805
65.177872
64.781691
64.166593
63.350489
62.366014
61.257301
60.075759
58.875312
57.707579
56.617493
55.639789
54.796665
54.096831
53.535979
53.098562
52.760649
52.493497
52.267421
52.055543
51.836978
51.599155
51.339013
51.062990
50.785840
50.528449
50.314942
50.169433
50.112816
50.159989
50.317834
50.584195
50.947972
51.390318
51.886794
52.410232
52.933958
53.434982
53.896784
54.311325
54.680041
55.013650
55.330768
55.655448
56.013887
56.430652
56.924848
57.506657
58.174671
58.914364
59.697933
60.485610
61.228387
61.871942
62.361425
62.646662
62.687258
62.457098
61.947767
61.170512
60.156509
58.955338
57.631779
56.261169
54.923718
53.698317
52.656360
51.856182
51.338592
51.123929
51.210886
51.577200
52.182128
52.970443
53.877567
54.835331
55.777817
56.646727
57.395786
57.993790
58.426037
58.694068
58.813796
58.812260
58.723402
58.583317
58.425509
58.276663
58.153376
58.060189
57.989127
57.920783
57.826815
57.673580
57.426500
57.054688
56.535315
55.857235
55.023459
54.052202
52.976336
51.841305
50.701670
49.616620
48.644895
47.839606
47.243484
46.885021
46.775883
46.909868
47.263486
47.798135
48.463628
49.202754
49.956405
50.668785
51.292205
51.790998
52.144200
52.346763
52.409198
52.355728
52.221159
52.046798
51.875867
51.748855
51.699310
51.750463
51.913032
52.184391
52.549170
52.981197
53.446538
53.907303
54.325797
54.668556
54.909859
55.034322
55.038325
54.930133
54.728708
54.461382
54.160639
53.860385
53.592131
53.381488
53.245398
53.190369
53.211936
53.295381
53.417653
53.550253
53.662781
53.726737
53.719161
53.625693
53.442708
53.178260
52.851719
52.492100
52.135241
51.820114
51.584638
51.461451
51.474076
51.633922
51.938453
52.370757
52.900596
53.486872
54.081274
54.632765
55.092464
55.418409
55.579723
55.559728
55.357678
54.988900
54.483308
53.882423
53.235172
52.592899
52.004063
51.509195
51.136595
50.899252
50.793290
50.798135
50.878405
50.987359
51.071591
51.076512
50.952101
50.658361
50.169945
49.479481
48.599270
47.561150
46.414522
45.222694
44.057855
42.995139
42.106322
41.453711
41.084816
41.028266
41.291373
41.859536
42.697554
43.752695
44.959241
46.244044
47.532596
48.755013
49.851392
50.776060
51.500334
52.013590
52.322599
52.449249
52.426962
52.296191
52.099522
51.876872
51.661290
51.475783
51.331448
51.227083
51.150258
51.079684
50.988598
50.848755
50.634571
50.326969
49.916480
49.405275
48.807891
48.150568
47.469255
46.806489
46.207466
45.715700
45.368736
45.194336
45.207562
45.409039
45.784608
46.306388
46.935174
47.623914
48.321941
48.979513
49.552234
50.004893
50.314360
50.471252
50.480212
50.358803
50.135147
49.844566
49.525601
49.215818
48.947849
48.746080
48.624311
48.584631
48.617590
48.703642
48.815669
48.922311
48.991711
48.995287
48.911087
48.726395
48.439274
48.058906
47.604670
47.104076
46.589761
46.095891
45.654349
45.291124
45.023317
44.857086
44.786771
44.795326
44.856017
44.935241
44.996174
45.002872
44.924400
44.738547
44.434715
44.015673
43.497954
42.910837
42.293977
41.693916
41.159794
40.738699
40.471110
40.386888
40.502235
40.817926
41.318996
41.975934
42.747270
43.583302
44.430618
45.236944
45.955870
46.550976
46.998952
47.291419
47.435258
47.451430
47.372400
47.238429
47.093096
46.978513
46.930697
46.975578
47.126044
47.380318
47.721850
48.120739
48.536554
48.922281
49.229021
49.410967
49.430175
49.260668
48.891444
48.328115
47.592990
46.723594
45.769770
44.789618
43.844667
42.994733
42.292930
41.781305
41.487475
41.422566
41.580609
41.939414
42.462806
43.103980
43.809633
44.524469
45.195661
45.776857
46.231398
46.534484
46.674156
46.651067
46.477147
46.173362
45.766856
45.287801
44.766303
44.229680
43.700369
43.194654
42.722269
42.286879
41.887295
41.519229
41.177328
40.857202
40.557175
40.279532
40.031075
39.822938
39.669656
39.587596
39.592947
39.699507
39.916531
40.246928
40.686026
41.221090
41.831683
42.490863
43.167133
43.826945
44.437525
44.969719
45.400563
45.715307
45.908658
45.985106
45.958276
45.849365
45.684798
45.493362
45.303091
45.138232
45.016630
44.947797
44.931883
44.959690
45.013717
45.070158
45.101644
45.080447
44.981812
44.787046
44.486040
44.078926
43.576679
43.000569
42.380491
41.752330
41.154611
40.624755
40.195348
39.890779
39.724624
