2743429.090866
2743428.990596
2743427.765292
2743402.886737
2743402.886737
2743385.251384
2743347.029164
2743239.988609
2742913.167133
2741832.514402
2738005.152162
2723660.520398
2667808.336687
2453126.879035
1792422.049292
1378334.876991
1219949.145703
939252.416679
981256.709518
1021596.024550
856907.331888
760602.081173
548848.177735
609065.264140
584052.547704
571988.733948
515916.739852
475656.890880
420591.891996
398706.772335
402322.797538
391257.651221
354745.193106
305251.126385
272198.811680
234801.647180
234764.154961
205944.067690
174115.020154
140769.487950
123633.818217
126811.538095
116840.693040
101832.273228
85801.923486
80626.604293
69387.077775
66921.795708
60424.101974
60075.786957
51630.378445
44282.466319
46354.275212
41944.623967
40579.976776
39192.057842
37970.891893
35393.284695
34242.455189
29187.688471
29343.686890
30136.095816
29722.418741
28928.373443
26953.571559
24845.417540
23504.024533
25496.596994
24411.754643
22471.158998
18381.905575
17814.584927
17196.898941
16489.987191
16787.344198
15253.046310
16004.267304
14353.951367
14123.038006
13527.404651
12916.101249
11869.607118
10849.219069
10866.512548
10832.461219
10435.826885
9493.702457
10024.020233
9418.487268
8590.824891
8106.827166
8117.823950
8009.214593
7668.734936
6640.835076
6597.435464
7327.773915
7038.312590
7168.666597
6503.951928
6500.206275
6056.126984
5449.662203
5271.931735
5122.037224
5653.476891
5636.031131
5526.974624
4896.352875
5042.366027
5155.922215
4763.647956
4351.336558
4059.323914
4403.705663
4429.252721
4052.842034
3682.454977
3657.984871
3897.332111
4055.652113
3593.907630
3532.144203
3566.377624
3275.446741
3026.925146
2723.465576
2656.066796
2706.204070
2971.898497
2856.858536
2833.140593
2667.337471
2472.036551
2548.766929
2366.148800
2511.711521
2483.382610
2318.535012
2093.718241
1949.124571
2037.547539
2149.375638
2153.183421
2060.631347
2102.488605
2134.333853
2141.129198
1980.619855
1811.828852
1677.886597
1679.889746
1699.104511
1747.445122
1731.430142
1681.572922
1684.232267
1543.824933
1647.253872
1543.734079
1438.291960
1465.913706
1394.881959
1430.918838
1467.825920
1486.953676
1339.499895
1273.969488
1228.903247
1225.831934
1199.700842
1137.472255
1233.799664
1277.403794
1222.563626
1120.526360
1031.758880
1037.989663
1114.210832
1045.058482
1012.455815
985.799719
1001.971540
1036.674628
971.006090
959.250743
910.362721
922.752210
892.025770
886.994894
905.546188
951.741896
953.548594
827.059627
788.544516
753.882151
836.886703
855.077748
747.158116
754.935866
820.180349
795.201188
721.549160
688.315712
724.189805
792.579232
733.768301
655.326277
595.799807
610.285179
663.582791
682.358933
642.957096
637.071418
665.073245
607.507123
618.255447
575.510119
553.737529
551.617999
533.397821
549.137511
528.960066
561.799857
559.957244
529.124539
511.167641
534.583396
526.928129
494.096809
479.609999
477.605565
520.785735
519.869234
490.524792
480.411470
476.036830
454.707679
467.570611
435.560541
422.501956
437.649719
429.630939
469.522631
449.610253
436.452126
417.354209
389.500259
372.936768
377.196466
370.575129
336.862662
364.027792
369.023772
394.062339
401.064941
367.740651
341.238732
329.228768
345.730256
341.286340
315.219148
321.108813
345.413196
340.453453
355.927298
338.364866
320.237676
313.077192
306.937897
306.498152
290.498624
302.445781
315.278024
328.435930
299.229634
301.690893
300.635137
273.358869
274.172472
254.651695
289.262540
319.579788
296.264273
255.950883
241.745296
252.999457
271.834824
267.168901
244.044120
253.700024
254.108642
244.183639
230.540057
232.195105
236.091015
242.793287
232.006267
226.442347
230.421769
227.739322
248.365035
219.174434
202.190057
204.382638
204.382638
184.854407
171.074319
157.378074
144.522881
132.662622
121.766864
111.840826
102.935418
95.074376
88.212225
82.249225
77.069162
72.565185
68.645955
65.231714
62.249691
59.632252
57.317948
55.254183
53.398901
51.719126
50.187181
48.777787
47.468018
46.238667
45.074308
43.961581
42.887832
41.841980
40.816812
39.810224
38.823978
37.860912
36.922668
36.009053
35.118695
34.249921
33.401236
32.571408
31.759542
30.965300
30.189117
29.432065
28.695274
27.979254
27.283672
26.607727
25.950734
25.312350
24.692353
24.090389
23.506064
22.939240
22.390099
21.858819
21.345179
20.848539
20.368174
19.903600
19.454587
19.020934
18.602284
18.198106
17.807759
17.430518
17.065571
16.712065
16.369224
16.036462
15.713427
15.399982
15.096119
14.801859
14.517143
14.241800
13.975579
13.718213
13.469392
13.228691
12.995553
12.769382
12.549699
12.336211
12.128747
11.927148
11.731238
11.540864
11.355937
11.176374
11.002016
10.832579
10.667708
10.507069
10.350409
10.197571
10.048464
9.903043
9.761288
9.623186
9.488688
9.357672
9.229934
9.105218
8.983284
8.863953
8.747116
8.632701
8.520639
8.410875
8.303389
8.198196
8.095303
7.994668
7.896192
7.799757
7.705271
7.612683
7.521974
7.433129
7.346122
7.260918
7.177464
7.095698
7.015545
6.936921
6.859735
6.783901
6.709348
6.636030
6.563929
6.493037
6.423357
6.354909
6.287733
6.221876
6.157356
6.094142
6.032165
5.971340
5.911587
5.852822
5.794959
5.737927
5.681695
5.626285
5.571749
5.518133
5.465455
5.413709
5.362879
5.312951
5.263910
5.215743
5.168434
5.121968
5.076329
5.031494
4.987430
4.944102
4.901474
4.859524
4.818247
4.777651
4.737742
4.698509
4.659924
4.621951
4.584561
4.547740
4.511482
4.475784
4.440644
4.406062
4.372035
4.338557
4.305606
4.273156
4.241181
4.209665
4.178606
4.148009
4.117875
4.088196
4.058952
4.030119
4.001671
3.973577
3.945809
3.918336
3.891137
3.864202
3.837528
3.811109
3.784936
3.758999
3.733302
3.707861
3.682701
3.657836
3.633267
3.608985
3.584972
3.561212
3.537680
3.514355
3.491220
3.468271
3.445516
3.422970
3.400648
3.378562
3.356715
3.335102
3.313709
3.292520
3.271518
3.250689
3.230029
3.209537
3.189223
3.169098
3.149173
3.129453
3.109941
3.090645
3.071572
3.052729
3.034116
3.015722
2.997538
2.979559
2.961784
2.944216
2.926856
2.909704
2.892763
2.876031
2.859502
2.843165
2.827004
2.811003
2.795151
2.779449
2.763902
2.748520
2.733312
2.718285
2.703445
2.688792
2.674322
2.660025
2.645891
2.631912
2.618086
2.604416
2.590901
2.577540
2.564328
2.551263
2.538344
2.525568
2.512932
2.500427
2.488047
2.475787
2.463641
2.451607
2.439685
2.427879
2.416194
2.404636
2.393214
2.381934
2.370798
2.359805
2.348949
2.338223
2.327620
2.317131
2.306743
2.296443
2.286221
2.276073
2.265999
2.255997
2.246068
2.236213
2.226436
2.216740
2.207131
2.197611
2.188179
2.178835
2.169579
2.160407
2.151318
2.142304
2.133361
2.124483
2.115675
2.115675
2.115590
2.115506
2.115398
2.115267
2.115115
2.114941
2.114746
2.114531
2.114296
2.114041
2.113766
2.113473
2.113162
2.112832
2.112484
2.112119
2.111737
2.111338
2.110922
2.110490
2.110042
2.109577
2.109097
2.108602
2.108091
2.107566
2.107025
2.106470
2.105900
2.105315
2.104716
2.104103
2.103476
2.102835
2.102180
2.101511
2.100829
2.100133
2.099424
2.098701
2.097965
2.097216
2.096454
2.095679
2.094891
2.094090
2.093276
2.092450
2.091611
2.090760
2.089897
2.089021
2.088134
2.087234
2.086323
2.085399
2.084464
2.083518
2.082560
2.081590
2.080610
2.079618
2.078615
2.077601
2.076577
2.075542
2.074496
2.073440
2.072373
2.071296
2.070210
2.069113
2.068006
2.066890
2.065763
2.064628
2.063483
2.062328
2.061165
2.059992
2.058810
2.057619
2.056420
2.055212
2.053995
2.052770
2.051536
2.050294
2.049044
2.047786
2.046520
2.045246
2.043964
2.042674
2.041377
2.040072
2.038760
2.037440
2.036113
2.034779
2.033438
2.032090
2.030734
2.029372
2.028004
2.026628
2.025246
2.023857
2.022462
2.021060
2.019652
2.018238
2.016817
2.015390
2.013958
2.012519
2.011074
2.009624
2.008167
2.006705
2.005237
2.003763
2.002284
2.000800
1.999309
1.997814
1.996313
1.994806
1.993295
1.991778
1.990256
1.988729
1.987196
1.985659
1.984117
1.982569
1.981017
1.979460
1.977898
1.976331
1.974760
1.973184
1.971603
1.970018
1.968427
1.966833
1.965234
1.963630
1.962022
1.960410
1.958793
1.957172
1.955546
1.953917
1.952283
1.950645
1.949003
1.947356
1.945706
1.944051
1.942393
1.940730
1.939063
1.937393
1.935718
1.934040
1.932358
1.930672
1.928982
1.927289
1.925591
1.923890
1.922186
1.920477
1.918765
1.917050
1.915330
1.913607
1.911881
1.910151
1.908418
1.906681
1.904941
1.903197
1.901450
1.899700
1.897946
1.896189
1.894428
1.892665
1.890898
1.889127
1.887354
1.885577
1.883798
1.882015
1.880229
1.878440
1.876647
1.874852
1.873054
1.871252
1.869448
1.867640
1.865830
1.864017
1.862201
1.860382
1.858560
1.856735
1.854907
1.853077
1.851243
1.849407
1.847568
1.845727
1.843883
1.842036
1.840186
1.838333
1.836478
1.834621
1.832761
1.830898
1.829032
1.827164
1.825294
1.823421
1.821545
1.819667
1.817786
1.815904
1.814018
1.812130
1.810240
1.808347
1.806453
1.804555
1.802656
1.800754
1.798849
1.796943
1.795034
1.793123
1.791210
1.789295
1.787377
1.785457
1.783535
1.781611
1.779685
1.777757
1.775827
1.773894
1.771960
1.770023
1.768085
1.766144
1.764202
1.762257
1.760311
1.758363
1.756412
1.754460
1.752506
1.750550
1.748593
1.746633
1.744672
1.742709
1.740744
1.738777
1.736809
1.734839
1.732867
1.730894
1.728919
1.726942
1.724964
1.722984
1.721002
1.719019
1.717034
1.715048
1.713060
1.711071
1.709080
1.707088
1.705094
1.703099
1.701102
1.699104
1.697105
1.695104
1.693102
1.691099
1.689094
1.687088
1.685081
1.683072
1.681062
1.679051
1.677039
1.675026
1.673011
1.670995
1.668978
1.666960
1.664941
1.662921
1.660900
1.658877
1.656854
1.654830
1.652804
1.650778
1.648750
1.646722
1.644693
1.642662
1.640631
1.638599
1.636566
1.634533
1.632498
1.630463
1.628427
1.626390
1.624352
1.622314
1.620274
1.618234
1.616194
1.614152
1.612110
1.610068
1.608025
1.605981
1.603936
1.601891
1.599845
1.597799
1.595752
1.593705
1.591657
1.589609
1.587560
1.585511
1.583461
1.581411
1.579361
1.577310
1.575258
1.573207
1.571155
1.569102
1.567050
1.564997
1.562944
1.560890
1.558836
1.556782
1.554728
1.552674
1.550619
1.548564
1.546509
1.544454
1.542399
1.540343
1.538288
1.536232
1.534176
1.532121
1.530065
1.528009
1.525953
1.523897
1.521842
1.519786
1.517730
1.515674
1.513619
1.511563
1.509508
1.507453
1.505397
1.503342
1.501288
1.499233
1.497178
1.495124
1.493070
1.491016
1.488963
1.486909
1.484856
1.482804
1.480751
1.478697
1.478697
1.478692
1.478686
1.478680
1.478672
1.478662
1.478651
1.478639
1.478625
1.478610
1.478594
1.478577
1.478557
1.478537
1.478515
1.478492
1.478468
1.478442
1.478415
1.478387
1.478357
1.478326
1.478294
1.478260
1.478226
1.478189
1.478152
1.478113
1.478073
1.478031
1.477988
1.477944
1.477899
1.477852
1.477804
1.477754
1.477704
1.477652
1.477598
1.477544
1.477488
1.477430
1.477372
1.477312
1.477251
1.477188
1.477125
1.477060
1.476993
1.476925
1.476857
1.476786
1.476715
1.476642
1.476568
1.476492
1.476415
1.476337
1.476258
1.476177
1.476095
1.476012
1.475928
1.475842
1.475755
1.475666
1.475576
1.475485
1.475393
1.475299
1.475205
1.475108
1.475011
1.474912
1.474812
1.474711
1.474608
1.474504
1.474399
1.474293
1.474185
1.474076
1.473966
1.473854
1.473741
1.473627
1.473511
1.473395
1.473277
1.473157
1.473037
1.472915
1.472792
1.472668
1.472542
1.472415
1.472287
1.472157
1.472026
1.471894
1.471761
1.471627
1.471491
1.471354
1.471215
1.471075
1.470935
1.470792
1.470649
1.470504
1.470358
1.470211
1.470062
1.469913
1.469762
1.469609
1.469456
1.469301
1.469145
1.468987
1.468829
1.468669
1.468508
1.468345
1.468182
1.468017
1.467851
1.467683
1.467515
1.467345
1.467174
1.467001
1.466828
1.466653
1.466477
1.466299
1.466121
1.465941
1.465760
1.465577
1.465394
1.465209
1.465023
1.464835
1.464647
1.464457
1.464266
1.464074
1.463880
1.463685
1.463489
1.463292
1.463094
1.462894
1.462693
1.462491
1.462288
1.462083
1.461877
1.461670
1.461462
1.461252
1.461042
1.460830
1.460616
1.460402
1.460186
1.459970
1.459752
1.459532
1.459312
1.459090
1.458867
1.458643
1.458418
1.458191
1.457964
1.457735
1.457504
1.457273
1.457040
1.456807
1.456572
1.456336
1.456098
1.455860
1.455620
1.455379
1.455137
1.454893
1.454649
1.454403
1.454156
1.453908
1.453658
1.453408
1.453156
1.452903
1.452649
1.452394
1.452137
1.451880
1.451621
1.451361
1.451100
1.450837
1.450574
1.450309
1.450043
1.449776
1.449508
1.449238
1.448968
1.448696
1.448423
1.448149
1.447874
1.447597
1.447320
1.447041
1.446761
1.446480
1.446198
1.445914
1.445630
1.445344
1.445057
1.444769
1.444480
1.444189
1.443898
1.443605
1.443311
1.443017
1.442720
1.442423
1.442125
1.441825
1.441525
1.441223
1.440920
1.440616
1.440311
1.440004
1.439697
1.439388
1.439079
1.438768
1.438456
1.438143
1.437828
1.437513
1.437196
1.436879
1.436560
1.436240
1.435919
1.435597
1.435274
1.434950
1.434624
1.434298
1.433970
1.433641
1.433311
1.432980
1.432648
1.432315
1.431981
1.431645
1.431309
1.430971
1.430633
1.430293
1.429952
1.429610
1.429267
1.428923
1.428578
1.428231
1.427884
1.427535
1.427186
1.426835
1.426483
1.426131
1.425777
1.425422
1.425066
1.424709
1.424350
1.423991
1.423631
1.423269
1.422907
1.422543
1.422179
1.421813
1.421446
1.421079
1.420710
1.420340
1.419969
1.419597
1.419224
1.418850
1.418475
1.418098
1.417721
1.417343
1.416963
1.416583
1.416202
1.415819
1.415436
1.415051
1.414666
1.414279
1.413891
1.413503
1.413113
1.412722
1.412330
1.411938
1.411544
1.411149
1.410753
1.410356
1.409958
1.409560
1.409160
1.408759
1.408357
1.407954
1.407550
1.407145
1.406739
1.406332
1.405924
1.405515
1.405105
1.404694
1.404282
1.403869
1.403455
1.403040
1.402625
1.402208
1.401790
1.401371
1.400951
1.400530
1.400108
1.399686
1.399262
1.398837
1.398411
1.397985
1.397557
1.397128
1.396699
1.396268
1.395837
1.395404
1.394971
1.394536
1.394101
1.393664
1.393227
1.392789
1.392350
1.391910
1.391469
1.391027
1.390584
1.390140
1.389695
1.389249
1.388802
1.388355
1.387906
1.387456
1.387006
1.386555
1.386102
1.385649
1.385195
1.384740
1.384284
1.383827
1.383369
1.382910
1.382450
1.381990
1.381528
1.381066
1.380602
1.380138
1.379673
1.379207
1.378740
1.378272
1.377803
1.377334
1.376863
1.376392
1.375919
1.375446
1.374972
1.374497
1.374021
1.373544
1.373067
1.372588
1.372109
1.371629
1.371147
1.370665
1.370182
1.369699
1.369214
1.368729
1.368242
1.367755
1.367267
1.366778
1.366288
1.365797
1.365306
1.364814
1.364320
1.363826
1.363331
1.362836
1.362339
1.361842
1.361343
1.360844
1.360344
1.359843
1.359342
1.358839
1.358336
1.357832
1.357327
1.356821
1.356315
1.355807
1.355299
1.354790
1.354280
1.353769
1.353258
1.352746
1.352232
1.351719
1.351204
1.350688
1.350172
1.349655
1.349137
1.348618
1.348099
1.347578
1.347057
1.346535
1.346013
1.345489
1.344965
1.344440
1.343914
1.343388
1.342860
1.342332
1.341803
1.341274
1.340743
1.340212
1.339680
1.339147
1.338614
1.338080
1.337545
1.337009
1.336472
1.335935
1.335397
1.334858
1.334319
1.333778
1.333237
1.332696
1.332153
1.331610
1.331066
1.330521
1.329976
1.329430
1.328883
1.328335
1.327787
1.327238
1.326688
1.326137
1.325586
1.325034
1.324482
1.323928
1.323374
1.322819
1.322264
1.321708
1.321151
1.320593
1.320035
1.319476
1.318916
1.318356
1.317794
1.317233
1.316670
1.316107
1.315543
1.314979
1.314413
1.313848
1.313281
1.312714
1.312146
1.311577
1.311008
1.310438
1.309868
1.309296
1.308724
1.308152
1.307579
1.307005
1.306430
1.305855
1.305279
1.304703
1.304125
1.303548
1.302969
1.302390
1.301810
1.301230
1.300649
1.300067
1.299485
1.298902
1.298319
1.297734
1.297150
1.296564
1.295978
1.295392
1.294804
1.294216
1.293628
1.293039
1.292449
1.291859
1.291268
1.290676
1.290084
1.289491
1.288898
1.288304
1.287710
1.287114
1.286519
1.285922
1.285325
1.284728
1.284130
1.283531
1.282932
1.282332
1.281732
1.281131
1.280529
1.279927
1.279325
1.278721
1.278118
1.277513
1.276908
1.276303
1.275697
1.275090
1.274483
1.273875
1.273267
1.272658
1.272049
1.271439
1.270828
1.270217
1.269606
1.268994
1.268381
1.267768
1.267154
1.266540
1.265925
1.265310
1.264694
1.264078
1.263461
1.262844
1.262226
1.261608
1.260989
1.260369
1.259749
1.259129
1.258508
1.257887
1.257265
1.256642
1.256019
1.255396
1.254772
1.254148
1.253523
1.252897
1.252272
1.251645
1.251018
1.250391
1.249763
1.249135
1.248506
1.247877
1.247247
1.246617
1.245986
1.245355
1.244724
1.244092
1.243459
1.242826
1.242193
1.241559
1.240925
1.240290
1.239655
1.239019
1.238383
1.237746
1.237109
1.236472
1.235834
1.235196
1.234557
1.233918
1.233278
1.232638
1.231998
1.231357
1.230716
1.230074
1.229432
1.228789
1.228146
1.227503
1.226859
1.226215
1.225570
1.224925
1.224279
1.223634
1.222987
1.222341
1.221694
1.221046
1.220398
1.219750
1.219102
1.218453
1.217803
1.217153
1.216503
1.215853
1.215202
1.214550
1.213899
1.213247
1.212594
1.211941
1.211288
1.210635
1.209981
1.209327
1.208672
1.208017
1.207362
1.206706
1.206050
1.205394
1.204737
1.204080
1.203422
1.202764
1.202106
1.201448
1.200789
1.200130
1.199470
1.198811
1.198150
1.197490
1.196829
1.196168
1.195507
1.194845
1.194183
1.193520
1.192858
1.192194
1.191531
1.190867
1.190203
1.189539
1.188875
1.188210
1.187544
1.186879
1.186213
1.185547
1.184881
1.184214
1.183547
1.182880
1.182212
1.181544
1.180876
1.180207
1.179539
1.178870
1.178201
1.177531
1.176861
1.176191
1.175521
1.174850
1.174179
1.173508
1.172836
1.172165
1.171493
1.170821
1.170148
1.169475
1.168802
1.168129
1.167456
1.166782
1.166108
1.165434
1.164759
1.164085
1.163410
1.162734
1.162059
1.161383
1.160707
1.160031
1.159355
1.158678
1.158002
1.157324
1.156647
1.155970
1.155292
1.154614
1.153936
1.153258
1.152579
1.151900
1.151221
1.150542
1.149863
1.149183
1.148503
1.147823
1.147143
1.146463
1.145782
1.145101
1.144420
1.143739
1.143058
1.142376
1.141695
1.141013
1.140331
1.139648
1.138966
1.138283
1.137600
1.136917
1.136234
1.135551
1.134867
1.134184
1.133500
1.132816
1.132132
1.131448
1.130763
1.130078
1.129394
1.128709
1.128024
1.127338
1.126653
1.125968
1.125282
1.124596
1.123910
1.123224
1.122538
1.121851
1.121165
1.120478
1.119791
1.119104
1.118417
1.117730
1.117043
1.116355
1.115668
1.114980
1.114292
1.113605
1.112917
1.112228
1.111540
1.110852
1.110163
1.109475
1.108786
1.108097
1.107408
1.106719
1.106030
1.105341
1.104652
1.103962
1.103273
1.102583
1.101894
1.101204
1.100514
1.099824
1.099134
1.098444
1.097754
1.097063
1.096373
1.095683
1.094992
1.094301
1.093611
1.092920
1.092229
1.091538
1.090847
1.090156
1.089465
1.088774
1.088083
1.087392
1.086701
1.086009
1.085318
1.084626
1.083935
1.083243
1.082552
1.081860
1.081168
1.080476
1.079785
1.079093
1.078401
1.077709
1.077017
1.076325
1.075633
1.074941
1.074249
1.073557
1.072865
1.072172
1.071480
1.070788
1.070096
1.069403
1.068711
1.068019
1.067326
1.066634
1.065942
1.065249
1.064557
1.063865
1.063172
1.062480
1.061787
1.061095
1.060403
1.059710
1.059018
1.058325
1.057633
1.056941
1.056248
1.055556
1.054863
1.054171
1.053479
1.052786
1.052094
1.051402
1.050709
1.050017
1.049325
1.048632
1.047940
1.047248
1.046556
1.045864
1.045172
1.044480
1.043787
1.043095
1.042403
1.041711
1.041020
1.040328
1.039636
1.038944
1.038252
1.037560
1.036869
1.036177
1.035486
1.034794
1.034103
1.033411
1.032720
1.032028
1.031337
1.030646
1.029955
1.029264
1.028573
1.027882
1.027191
1.026500
1.025809
1.025118
1.024427
1.023737
1.023046
1.022356
1.021666
1.020975
1.020285
1.019595
1.018905
1.018215
1.017525
1.016835
1.016145
1.015455
1.014766
1.014076
1.013387
1.012698
1.012008
1.011319
1.010630
1.009941
1.009252
1.008563
1.007875
1.007186
1.006498
1.005809
1.005121
1.004433
1.003745
1.003057
1.002369
1.001681
1.000994
1.000306
0.999619
0.998931
0.998244
0.997557
0.996870
0.996183
0.995496
0.994810
0.994123
0.993437
0.992751
0.992065
0.991379
0.990693
0.990007
0.989321
0.988636
0.987951
0.987265
0.986580
0.985895
0.985210
0.984526
0.983841
0.983157
0.982472
0.981788
0.981104
0.980421
0.979737
0.979053
0.978370
0.977687
0.977003
0.976321
0.975638
0.974955
0.974273
0.973590
0.972908
0.972226
0.971544
0.970862
0.970181
0.969499
0.968818
0.968137
0.967456
0.966775
0.966095
0.965414
0.964734
0.964054
0.963374
0.962694
0.962015
0.961335
0.960656
0.959977
0.959298
0.958620
0.957941
0.957263
0.956584
0.955907
0.955229
0.954551
0.953874
0.953196
0.952519
0.951842
0.951166
0.950489
0.949813
0.949137
0.948461
0.947785
0.947110
0.946434
0.945759
0.945084
0.944409
0.943735
0.943061
0.942386
0.941712
0.941039
0.940365
0.939692
0.939019
0.938346
0.937673
0.937000
0.936328
0.935656
0.934984
0.934312
0.933641
0.932970
0.932299
0.931628
0.930957
0.930287
0.929617
0.928947
0.928277
0.927607
0.926938
0.926269
0.925600
0.924932
0.924263
0.923595
0.922927
0.922259
0.921592
0.920925
0.920258
0.919591
0.918924
0.918258
0.917592
0.916926
0.916260
0.915595
0.914930
0.914265
0.913600
0.912936
0.912271
0.911607
0.910944
0.910280
0.909617
0.908954
0.908291
0.907629
0.906966
0.906304
0.905643
0.904981
0.904320
0.903659
0.902998
0.902338
0.901677
0.901017
0.900358
0.899698
0.899039
0.898380
0.897721
0.897063
0.896405
0.895747
0.895089
0.894432
0.893774
0.893117
0.892461
0.891804
0.891148
0.890493
0.889837
0.889182
0.888527
0.887872
0.887217
0.886563
0.885909
0.885255
0.884602
0.883949
0.883296
0.882643
0.881991
0.881339
0.880687
0.880036
0.879385
0.878734
0.878083
0.877433
0.876783
0.876133
0.875483
0.874834
0.874185
0.873536
0.872888
0.872240
0.871592
0.870945
0.870297
0.869650
0.869004
0.868357
0.867711
0.867066
0.866420
0.865775
0.865130
0.864485
0.863841
0.863197
0.862553
0.861910
0.861267
0.860624
0.859981
0.859339
0.858697
0.858055
0.857414
0.856773
0.856132
0.855492
0.854852
0.854212
0.853572
0.852933
0.852294
0.851655
0.851017
0.850379
0.849741
0.849104
0.848467
0.847830
0.847194
0.846557
0.845922
0.845286
0.844651
0.844016
0.843381
0.842747
0.842113
0.841479
0.840846
0.840213
0.839580
0.838948
0.838316
0.837684
0.837053
0.836422
0.835791
0.835160
0.834530
0.833900
0.833271
0.832642
0.832013
0.831384
0.830756
0.830128
0.829500
0.828873
0.828246
0.827620
0.826993
0.826367
0.825742
0.825117
0.824492
0.823867
0.823243
0.822619
0.821995
0.821372
0.820749
0.820126
0.819504
0.818882
0.818260
0.817639
0.817018
0.816397
0.815777
0.815157
0.814537
0.813918
0.813299
0.812680
0.812062
0.811444
0.810826
0.810209
0.809592
0.808976
0.808359
0.807744
0.807128
0.806513
0.805898
0.805283
0.804669
0.804055
0.803442
0.802829
0.802216
0.801603
0.800991
0.800379
0.799768
0.799157
0.798546
0.797936
0.797326
0.796716
0.796106
0.795497
0.794889
0.794280
0.793673
0.793065
0.792458
0.791851
0.791244
0.790638
0.790032
0.789427
0.788821
0.788217
0.787612
0.787008
0.786404
0.785801
0.785198
0.784595
0.783993
0.783391
0.782790
0.782188
0.781587
0.780987
0.780387
0.779787
0.779187
0.778588
0.777990
0.777391
0.776793
0.776196
0.775598
0.775001
0.774405
0.773809
0.773213
0.772617
0.772022
0.771427
0.770833
0.770239
0.769645
0.769052
0.768459
0.767866
0.767274
0.766682
0.766091
0.765500
0.764909
0.764318
0.763728
0.763139
0.762550
0.761961
0.761372
0.760784
0.760196
0.759609
0.759021
0.758435
0.757848
0.757262
0.756677
0.756092
0.755507
0.754922
0.754338
0.753754
0.753171
0.752588
0.752005
0.751423
0.750841
0.750260
0.749678
0.749098
0.748517
0.747937
0.747357
0.746778
0.746199
0.745621
0.745042
0.744465
0.743887
0.743310
0.742734
0.742157
0.741581
0.741006
0.740431
0.739856
0.739281
0.738707
0.738134
0.737560
0.736987
0.736415
0.735843
0.735271
0.734700
0.734128
0.733558
0.732988
0.732418
0.731848
0.731279
0.730710
0.730142
0.729574
0.729006
0.728439
0.727872
0.727306
0.726740
0.726174
0.725608
0.725043
0.724479
0.723915
0.723351
0.722787
0.722224
0.721662
0.721099
0.720537
0.719976
0.719415
0.718854
0.718294
0.717734
0.717174
0.716615
0.716056
0.715497
0.714939
0.714382
0.713824
0.713267
0.712711
0.712155
0.711599
0.711043
0.710488
0.709934
0.709379
0.708826
0.708272
0.707719
0.707166
0.706614
0.706062
0.705510
0.704959
0.704408
0.703858
0.703308
0.702758
0.702209
0.701660
0.701112
0.700564
0.700016
0.699469
0.698922
0.698375
0.697829
0.697283
0.696738
0.696193
0.695648
0.695104
0.694560
0.694017
0.693473
0.692931
0.692388
0.691847
0.691305
0.690764
0.690223
0.689683
0.689143
0.688603
0.688064
0.687525
0.686987
0.686449
0.685911
0.685374
0.684837
0.684300
0.683764
0.683229
0.682693
0.682158
0.681624
0.681090
0.680556
0.680022
0.679489
0.678957
0.678425
0.677893
0.677361
0.676830
0.676299
0.675769
0.675239
0.674710
0.674181
0.673652
0.673124
0.672596
0.672068
0.671541
0.671014
0.670488
0.669962
0.669436
0.668911
0.668386
0.667861
0.667337
0.666814
0.666290
0.665767
0.665245
0.664723
0.664201
0.663680
0.663159
0.662638
0.662118
0.661598
0.661079
0.660560
0.660041
0.659523
0.659005
0.658488
0.657970
0.657454
0.656937
0.656422
0.655906
0.655391
0.654876
0.654362
0.653848
0.653334
0.652821
0.652308
0.651796
0.651284
0.650772
0.650261
0.649750
0.649239
0.648729
0.648220
0.647710
0.647201
0.646693
0.646185
0.645677
0.645169
0.644662
0.644156
0.643650
0.643144
0.642638
0.642133
0.641629
0.641124
0.640620
0.640117
0.639614
0.639111
0.638609
0.638107
0.637605
0.637104
0.636603
0.636103
0.635603
0.635103
0.634604
0.634105
0.633607
0.633109
0.632611
0.632113
0.631617
0.631120
0.630624
0.630128
0.629633
0.629138
0.628643
0.628149
0.627655
0.627162
0.626668
0.626176
0.625683
0.625192
0.624700
0.624209
0.623718
0.623228
0.622738
0.622248
0.621759
0.621270
0.620782
0.620294
0.619806
0.619319
0.618832
0.618345
0.617859
0.617373
0.616888
0.616403
0.615918
0.615434
0.614950
0.614467
0.613984
0.613501
0.613019
0.612537
0.612055
0.611574
0.611093
0.610613
0.610133
0.609653
0.609174
0.608695
0.608217
0.607738
0.607261
0.606783
0.606306
0.605830
0.605354
0.604878
0.604402
0.603927
0.603453
0.602978
0.602505
0.602031
0.601558
0.601085
0.600613
0.600141
0.599669
0.599198
0.598727
0.598257
0.597786
0.597317
0.596847
0.596378
0.595910
0.595442
0.594974
0.594506
0.594039
0.593573
0.593106
0.592640
0.592175
0.591710
0.591245
0.590780
0.590316
0.589853
0.589389
0.588926
0.588464
0.588002
0.587540
0.587079
0.586617
0.586157
0.585697
0.585237
0.584777
0.584318
0.583859
0.583401
0.582943
0.582485
0.582028
0.581571
0.581114
0.580658
0.580203
0.579747
0.579292
0.578837
0.578383
0.577929
0.577476
0.577023
0.576570
0.576117
0.575665
0.575214
0.574763
0.574312
0.573861
0.573411
0.572961
0.572512
0.572063
0.571614
0.571166
0.570718
0.570270
0.569823
0.569376
0.568930
0.568484
0.568038
0.567593
0.567148
0.566703
0.566259
0.565815
0.565371
0.564928
0.564486
0.564043
0.563601
0.563160
0.562718
0.562277
0.561837
0.561397
0.560957
0.560517
0.560078
0.559640
0.559201
0.558763
0.558326
0.557889
0.557452
0.557015
0.556579
0.556143
0.555708
0.555273
0.554838
0.554404
0.553970
0.553536
0.553103
0.552670
0.552238
0.551806
0.551374
0.550943
0.550512
0.550081
0.549651
0.549221
0.548791
0.548362
0.547933
0.547505
0.547077
0.546649
0.546222
0.545795
0.545368
0.544942
0.544516
0.544090
0.543665
0.543240
0.542816
0.542391
0.541968
0.541544
0.541121
0.540699
0.540276
0.539854
0.539433
0.539011
0.538590
0.538170
0.537750
0.537330
0.536910
0.536491
0.536073
0.535654
0.535236
0.534819
0.534401
0.533984
0.533568
0.533152
0.532736
0.532320
0.531905
0.531490
0.531076
0.530662
0.530248
0.529834
0.529421
0.529009
0.528596
0.528184
0.527773
0.527362
0.526951
0.526540
0.526130
0.525720
0.525311
0.524901
0.524493
0.524084
0.523676
0.523268
0.522861
0.522454
0.522047
0.521641
0.521235
0.520829
0.520424
0.520019
0.519615
0.519210
0.518806
0.518403
0.518000
0.517597
0.517194
0.516792
0.516391
0.515989
0.515588
0.515187
0.514787
0.514387
0.513987
0.513588
0.513189
0.512790
0.512392
0.511994
0.511596
0.511199
0.510802
0.510406
0.510009
0.509614
0.509218
0.508823
0.508428
0.508033
0.507639
0.507245
0.506852
0.506459
0.506066
0.505674
0.505282
0.504890
0.504498
0.504107
0.503717
0.503326
0.502936
0.502547
0.502157
0.501768
0.501380
0.500991
0.500603
0.500216
0.499828
0.499441
0.499055
0.498668
0.498282
0.497897
0.497512
0.497127
0.496742
0.496358
0.495974
0.495590
0.495207
0.494824
0.494442
0.494059
0.493677
0.493296
0.492915
0.492534
0.492153
0.491773
0.491393
0.491014
0.490634
0.490256
0.489877
0.489499
0.489121
0.488743
0.488366
0.487989
0.487613
0.487237
0.486861
0.486485
0.486110
0.485735
0.485361
0.484986
0.484613
0.484239
0.483866
0.483493
0.483120
0.482748
0.482376
0.482005
0.481634
0.481263
0.480892
0.480522
0.480152
0.479782
0.479413
0.479044
0.478676
0.478307
0.477940
0.477572
0.477205
0.476838
0.476471
0.476105
0.475739
0.475373
0.475008
0.474643
0.474278
0.473914
0.473550
0.473186
0.472823
0.472460
0.472097
0.471735
0.471373
0.471011
0.470650
0.470288
0.469928
0.469567
0.469207
0.468847
0.468488
0.468129
0.467770
0.467411
0.467053
0.466695
0.466338
0.465981
0.465624
0.465267
0.464911
0.464555
0.464199
0.463844
0.463489
0.463134
0.462780
0.462426
0.462072
0.461719
0.461366
0.461013
0.460661
0.460309
0.459957
0.459605
0.459254
0.458903
0.458553
0.458202
0.457853
0.457503
0.457154
0.456805
0.456456
0.456108
0.455760
0.455412
0.455065
0.454718
0.454371
0.454025
0.453678
0.453333
0.452987
0.452642
0.452297
0.451952
0.451608
0.451264
0.450921
0.450577
0.450234
0.449892
0.449549
0.449207
0.448865
0.448524
0.448183
0.447842
0.447501
0.447161
0.446821
0.446482
0.446143
0.445804
0.445465
0.445126
0.444788
0.444451
0.444113
0.443776
0.443439
0.443103
0.442767
0.442431
0.442095
0.441760
0.441425
0.441090
0.440756
0.440422
0.440088
0.439754
0.439421
0.439088
0.438756
0.438424
0.438092
0.437760
0.437429
0.437098
0.436767
0.436436
0.436106
0.435776
0.435447
0.435118
0.434789
0.434460
0.434132
0.433804
0.433476
0.433149
0.432822
0.432495
0.432168
0.431842
0.431516
0.431190
0.430865
0.430540
0.430215
0.429891
0.429567
0.429243
0.428919
0.428596
0.428273
0.427950
0.427628
0.427306
0.426984
0.426663
0.426342
0.426021
0.425700
0.425380
0.425060
0.424740
0.424421
0.424102
0.423783
0.423464
0.423146
0.422828
0.422510
0.422193
0.421876
0.421559
0.421243
0.420926
0.420611
0.420295
0.419980
0.419665
0.419350
0.419035
0.418721
0.418407
0.418094
0.417780
0.417467
0.417155
0.416842
0.416530
0.416218
0.415907
0.415595
0.415284
0.414974
0.414663
0.414353
0.414043
0.413734
0.413425
0.413116
0.412807
0.412498
0.412190
0.411882
0.411575
0.411268
0.410961
0.410654
0.410348
0.410041
0.409736
0.409430
0.409125
0.408820
0.408515
0.408211
0.407906
0.407602
0.407299
0.406996
0.406693
0.406390
0.406087
0.405785
0.405483
0.405182
0.404880
0.404579
0.404278
0.403978
0.403678
0.403378
0.403078
0.402779
0.402479
0.402181
0.401882
0.401584
0.401286
0.400988
0.400691
0.400393
0.400097
0.399800
0.399504
0.399207
0.398912
0.398616
0.398321
0.398026
0.397731
0.397437
0.397143
0.396849
0.396555
0.396262
0.395969
0.395676
0.395383
0.395091
0.394799
0.394508
0.394216
0.393925
0.393634
0.393343
0.393053
0.392763
0.392473
0.392184
0.391894
0.391605
0.391317
0.391028
0.390740
0.390452
0.390165
0.389877
0.389590
0.389303
0.389017
0.388730
0.388444
0.388159
0.387873
0.387588
0.387303
0.387018
0.386734
0.386450
0.386166
0.385882
0.385599
0.385316
0.385033
0.384750
0.384468
0.384186
0.383904
0.383622
0.383341
0.383060
0.382779
0.382499
0.382219
0.381939
0.381659
0.381380
0.381101
0.380822
0.380543
0.380265
0.379987
0.379709
0.379431
0.379154
0.378877
0.378600
0.378323
0.378047
0.377771
0.377495
0.377220
0.376944
0.376669
0.376395
0.376120
0.375846
0.375572
0.375298
0.375025
0.374752
0.374479
0.374206
0.373933
0.373661
0.373389
0.373118
0.372846
0.372575
0.372304
0.372034
0.371763
0.371493
0.371223
0.370953
0.370684
0.370415
0.370146
0.369877
0.369609
0.369341
0.369073
0.368805
0.368538
0.368271
0.368004
0.367738
0.367471
0.367205
0.366939
0.366674
0.366408
0.366143
0.365878
0.365614
0.365349
0.365085
0.364821
0.364558
0.364294
0.364031
0.363768
0.363506
0.363243
0.362981
0.362719
0.362458
0.362196
0.361935
0.361674
0.361413
0.361153
0.360893
0.360633
0.360373
0.360114
0.359855
0.359596
0.359337
0.359078
0.358820
0.358562
0.358305
0.358047
0.357790
0.357533
0.357276
0.357020
0.356763
0.356507
0.356251
0.355996
0.355741
0.355485
0.355231
0.354976
0.354722
0.354468
0.354214
0.353960
0.353707
0.353454
0.353201
0.352948
0.352695
0.352443
0.352191
0.351940
0.351688
0.351437
0.351186
0.350935
0.350684
0.350434
0.350184
0.349934
0.349685
0.349435
0.349186
0.348937
0.348689
0.348440
0.348192
0.347944
0.347696
0.347449
0.347202
0.346954
0.346708
0.346461
0.346215
0.345969
0.345723
0.345477
0.345232
0.344987
0.344742
0.344497
0.344253
0.344008
0.343764
0.343520
0.343277
0.343034
0.342790
0.342548
0.342305
0.342063
0.341820
0.341578
0.341337
0.341095
0.340854
0.340613
0.340372
0.340131
0.339891
0.339651
0.339411
0.339171
0.338932
0.338693
0.338454
0.338215
0.337976
0.337738
0.337500
0.337262
0.337024
0.336787
0.336550
0.336313
0.336076
0.335840
0.335603
0.335367
0.335131
0.334896
0.334660
0.334425
0.334190
0.333955
0.333721
0.333486
0.333252
0.333018
0.332785
0.332551
0.332318
0.332085
0.331852
0.331620
0.331387
0.331155
0.330923
0.330692
0.330460
0.330229
0.329998
0.329767
0.329537
0.329306
0.329076
0.328846
0.328617
0.328387
0.328158
0.327929
0.327700
0.327471
0.327243
0.327015
0.326787
0.326559
0.326331
0.326104
0.325877
0.325650
0.325423
0.325197
0.324970
0.324744
0.324518
0.324293
0.324067
0.323842
0.323617
0.323392
0.323168
0.322943
0.322719
0.322495
0.322272
0.322048
0.321825
0.321602
0.321379
0.321156
0.320934
0.320711
0.320489
0.320267
0.320046
0.319824
0.319603
0.319382
0.319161
0.318941
0.318720
0.318500
0.318280
0.318060
0.317841
0.317621
0.317402
0.317183
0.316965
0.316746
0.316528
0.316310
0.316092
0.315874
0.315657
0.315439
0.315222
0.315005
0.314789
0.314572
0.314356
0.314140
0.313924
0.313708
0.313493
0.313277
0.313062
0.312848
0.312633
0.312418
0.312204
0.311990
0.311776
0.311563
0.311349
0.311136
0.310923
0.310710
0.310497
0.310285
0.310073
0.309861
0.309649
0.309437
0.309226
0.309014
0.308803
0.308593
0.308382
0.308171
0.307961
0.307751
0.307541
0.307332
0.307122
0.306913
0.306704
0.306495
0.306286
0.306078
0.305869
0.305661
0.305453
0.305246
0.305038
0.304831
0.304624
0.304417
0.304210
0.304003
0.303797
0.303591
0.303385
0.303179
0.302974
0.302768
0.302563
0.302358
0.302153
0.301948
0.301744
0.301540
0.301336
0.301132
0.300928
0.300725
0.300521
0.300318
0.300115
0.299913
0.299710
0.299508
0.299306
0.299104
0.298902
0.298700
0.298499
0.298298
0.298097
0.297896
0.297695
0.297495
0.297295
0.297095
0.296895
0.296695
0.296495
0.296296
0.296097
0.295898
0.295699
0.295501
0.295302
0.295104
0.294906
0.294708
0.294510
0.294313
0.294116
0.293919
0.293722
0.293525
0.293328
0.293132
0.292936
0.292740
0.292544
0.292348
0.292153
0.291958
0.291763
0.291568
0.291373
0.291178
0.290984
0.290790
0.290596
0.290402
0.290208
0.290015
0.289822
0.289628
0.289436
0.289243
0.289050
0.288858
0.288666
0.288474
0.288282
0.288090
0.287899
0.287707
0.287516
0.287325
0.287134
0.286944
0.286753
0.286563
0.286373
0.286183
0.285993
0.285804
0.285614
0.285425
0.285236
0.285047
0.284859
0.284670
0.284482
0.284294
0.284106
0.283918
0.283730
0.283543
0.283356
0.283169
0.282982
0.282795
0.282608
0.282422
0.282236
0.282050
0.281864
0.281678
0.281493
0.281307
0.281122
0.280937
0.280752
0.280567
0.280383
0.280199
0.280014
0.279830
0.279647
0.279463
0.279279
0.279096
0.278913
0.278730
0.278547
0.278365
0.278182
0.278000
0.277818
0.277636
0.277454
0.277272
0.277091
0.276910
0.276728
0.276547
0.276367
0.276186
0.276006
0.275825
0.275645
0.275465
0.275285
0.275106
0.274926
0.274747
0.274568
0.274389
0.274210
0.274031
0.273853
0.273675
0.273497
0.273319
0.273141
0.272963
0.272786
0.272608
0.272431
0.272254
0.272077
0.271901
0.271724
0.271548
0.271372
0.271196
0.271020
0.270844
0.270669
0.270493
0.270318
0.270143
0.269968
0.269793
0.269619
0.269444
0.269270
0.269096
0.268922
0.268748
0.268575
0.268401
0.268228
0.268055
0.267882
0.267709
0.267536
0.267364
0.267192
0.267019
0.266847
0.266676
0.266504
0.266332
0.266161
0.265990
0.265819
0.265648
0.265477
0.265306
0.265136
0.264966
0.264795
0.264625
0.264456
0.264286
0.264116
0.263947
0.263778
0.263609
0.263440
0.263271
0.263103
0.262934
0.262766
0.262598
0.262430
0.262262
0.262094
0.261927
0.261760
0.261592
0.261425
0.261258
0.261092
0.260925
0.260759
0.260592
0.260426
0.260260
0.260094
0.259929
0.259763
0.259598
0.259433
0.259268
0.259103
0.258938
0.258773
0.258609
0.258444
0.258280
0.258116
0.257952
0.257789
0.257625
0.257462
0.257298
0.257135
0.256972
0.256809
0.256647
0.256484
0.256322
0.256159
0.255997
0.255835
0.255674
0.255512
0.255350
0.255189
0.255028
0.254867
0.254706
0.254545
0.254385
0.254224
0.254064
0.253904
0.253743
0.253584
0.253424
0.253264
0.253105
0.252945
0.252786
0.252627
0.252468
0.252310
0.252151
0.251993
0.251834
0.251676
0.251518
0.251360
0.251202
0.251045
0.250887
0.250730
0.250573
0.250416
0.250259
0.250102
0.249946
0.249789
0.249633
0.249477
0.249321
0.249165
0.249009
0.248853
0.248698
0.248543
0.248387
0.248232
0.248077
0.247923
0.247768
0.247614
0.247459
0.247305
0.247151
0.246997
0.246843
0.246690
0.246536
0.246383
0.246229
0.246076
0.245923
0.245770
0.245618
0.245465
0.245313
0.245161
0.245008
0.244856
0.244705
0.244553
0.244401
0.244250
0.244098
0.243947
0.243796
0.243645
0.243494
0.243344
0.243193
0.243043
0.242893
0.242743
0.242593
0.242443
0.242293
0.242144
0.241994
0.241845
0.241696
0.241547
0.241398
0.241249
0.241100
0.240952
0.240804
0.240655
0.240507
0.240359
0.240211
0.240064
0.239916
0.239769
0.239621
0.239474
0.239327
0.239180
0.239034
0.238887
0.238740
0.238594
0.238448
0.238302
0.238156
0.238010
0.237864
0.237719
0.237573
0.237428
0.237282
0.237137
0.236992
0.236848
0.236703
0.236558
0.236414
0.236270
0.236126
0.235981
0.235838
0.235694
0.235550
0.235407
0.235263
0.235120
0.234977
0.234834
0.234691
0.234548
0.234405
0.234263
0.234121
0.233978
0.233836
0.233694
0.233552
0.233411
